0.0,216.898459526078,0.74390155
0.01,215.07606205810106,0.83794993
0.02,210.069222111724,0.70760816
0.03,203.76913450075898,0.46007934
0.04,191.35818584530608,0.6403898
0.05,186.94301347668778,0.8620055
0.06,185.7490188818843,0.926942
0.07,187.10256212214048,0.88336575
0.08,188.7387291825507,0.8093988
0.09,193.72953330833045,0.6480729
0.1,197.68651124802503,0.74048775
0.11,199.3811236849877,0.7618801
0.12,200.00740615396762,0.66949636
0.13,201.36472375332093,0.49347445
0.14,199.7845254198955,0.44270653
0.15,195.4909809421651,0.77862626
0.16,194.3297087257078,0.78142655
0.17,210.43550562148903,0.7585339
0.18,239.0663705044682,0.59613085
0.19,275.03853712949046,0.41095817
0.2,275.926996036799,0.62770814
0.21,276.1035046060498,0.78996867
0.22,274.3173903964778,0.8820881
0.23,272.4018589327848,0.94357437
0.24,269.76215729558027,0.93832034
0.25,265.3301009103024,0.9309253
0.26,261.2064969762398,0.9230074
0.27,260.30139115045506,0.9561159
0.28,260.73970906486096,0.9356563
0.29,261.9348197099182,0.9578021
0.3,264.21758944688344,0.9262502
0.31,265.83291641281374,0.9706518
0.32,266.4908821895361,0.9540382
0.33,267.2309891743879,0.9466273
0.34,268.11154801800734,0.97330755
0.35,268.94545192354053,0.9735841
0.36,268.81096743607833,0.9742036
0.37,268.61686653823847,0.975501
0.38,268.6475499221001,0.9763026
0.39,268.826302637518,0.97745013
0.4,267.79235435830907,0.96499854
0.41,264.9925801267051,0.950242
0.42,261.62503283804324,0.9605269
0.43,258.568890854636,0.9512426
0.44,256.0623712328647,0.9727333
0.45,254.61403394386565,0.9535423
0.46,255.50901804386194,0.96523386
0.47,257.29736234810093,0.9603469
0.48,260.80448960977486,0.8710393
0.49,266.33006343041575,0.9383727
0.5,269.50766268143116,0.96374786
0.51,272.540666888809,0.9632531
0.52,275.2069587998612,0.96114343
0.53,277.34696838387146,0.9532898
0.54,277.7158203793953,0.96306247
0.55,276.88137341418167,0.95955694
0.56,274.69566739243777,0.9608489
0.57,270.07408405398627,0.9299149
0.58,263.579422391582,0.8751646
0.59,257.25090978372305,0.9223154
0.6,253.33502938537694,0.960853
0.61,250.96055497291107,0.96459866
0.62,251.62997317886206,0.9373619
0.63,255.05250518692793,0.92498463
0.64,258.15050871561283,0.90841454
0.65,264.3845308206148,0.8705951
0.66,269.03950524166936,0.94975454
0.67,272.9952027127057,0.95851743
0.68,275.1087068691941,0.9697817
0.69,276.2075716037672,0.94456136
0.7,275.74398265147573,0.9524796
0.71,273.91752130752883,0.95451033
0.72,269.946465863568,0.93275946
0.73,260.9205219508866,0.85811037
0.74,256.04269849751563,0.9311319
0.75,249.22394995651314,0.84554434
0.76,244.69679188496104,0.94333297
0.77,244.4004906902845,0.9454826
0.78,247.8151601397113,0.9041678
0.79,253.92575272992832,0.87808937
0.8,259.7215546233048,0.9323064
0.81,263.06172163716,0.92068
0.82,269.6614884705864,0.7101497
0.83,280.4776688291661,0.87939435
0.84,282.71542867600834,0.897297
0.85,279.95317633670044,0.81826115
0.86,272.5203781515911,0.6679322
0.87,266.0998479298545,0.56751573
0.88,242.0014792672236,0.1834977
0.89,221.27399250877835,0.3530509
0.9,212.48810290145343,0.47323638
0.91,201.97595365153353,0.49906394
0.92,219.35109339540972,0.7656281
0.93,247.36286959450436,0.46634468
0.94,273.0029180047058,0.41930398
0.95,279.1023128554703,0.528782
0.96,287.867370534309,0.68010587
0.97,291.64156477488405,0.8394616
0.98,293.8569317425921,0.91325986
0.99,296.72213433905307,0.9263882
1.0,300.995965231308,0.9452367
1.01,305.6053182091838,0.96938276
1.02,307.0051530352641,0.96481365
1.03,304.44797604095965,0.96216977
1.04,299.54531712695945,0.86480665
1.05,289.70732255657504,0.6881536
1.06,277.5847950953406,0.6802138
1.07,263.034791182698,0.6530778
1.08,256.20765745511954,0.9669912
1.09,256.78392233515547,0.9555354
1.1,263.2862691814065,0.74052906
1.11,273.9639227180481,0.8392498
1.12,279.72177333572984,0.7537005
1.13,305.6291857981507,0.7629786
1.14,308.9990708231381,0.9433979
1.15,310.3553775489511,0.92307425
1.16,303.71998126420937,0.7532916
1.17,296.3131114778374,0.7271434
1.18,295.25489485422924,0.6407045
1.19,297.61407545526714,0.3567636
1.2,283.3838502122502,0.11112322
1.21,266.20776096260624,0.3312345
1.22,265.3077964314745,0.5388923
1.23,263.92769258949915,0.7252566
1.24,263.8296841474352,0.85481995
1.25,264.660288561443,0.8140163
1.26,266.73562168470465,0.8193509
1.27,271.0897445265033,0.83720344
1.28,273.2027505093129,0.9281826
1.29,273.6792648886314,0.9328029
1.3,273.1374789756344,0.93324155
1.31,271.991090251288,0.94197017
1.32,268.9943139368649,0.88993573
1.33,264.81353664328634,0.7281032
1.34,259.030941721874,0.5198586
1.35,244.9219093655148,0.77609086
1.36,244.77905231241905,0.8762531
1.37,249.0184193979384,0.6813759
1.38,276.23549561589346,0.42760473
1.39,310.59541042692933,0.24351606
1.4,329.46743577286816,0.50197417
1.41,334.9087412113579,0.6364479
1.42,341.4342885449077,0.7499461
1.43,347.4573751236806,0.81052864
1.44,349.6422403942752,0.87560767
1.45,349.11919749148984,0.8986056
1.46,346.0511143932891,0.8408642
1.47,337.55644946735015,0.5373733
1.48,321.9290902321689,0.43823352
1.49,285.9459052751137,0.4608406
1.5,275.6238301574244,0.8312631
1.51,274.1002437051117,0.92613167
1.52,274.77612728675626,0.8234322
1.53,283.1171624792338,0.5762445
1.54,297.84184667719586,0.67405456
1.55,303.26702428933055,0.78540725
1.56,308.2684250135948,0.73094714
1.57,309.10834781153517,0.5254859
1.58,305.9585775340222,0.1803541
1.59,270.0948274081088,0.019529806
1.6,273.64627973705694,0.013200542
1.61,273.764412188035,0.017404053
1.62,274.4898950115425,0.0149093885
1.63,278.49278523280066,0.013387319
1.64,277.93585141993714,0.016435083
1.65,276.49169390394627,0.014804458
1.66,274.7462896499917,0.007601027
1.67,276.26815659122025,0.005181974
1.68,275.018343403862,0.4148051
1.69,271.131233657409,0.54689217
1.7,267.5290524097455,0.7135274
1.71,264.8560818306005,0.753062
1.72,264.65709079812245,0.78020304
1.73,265.01954615177505,0.71662843
1.74,266.39919738720295,0.82473135
1.75,269.5384528023127,0.85854506
1.76,271.9768278886046,0.90618795
1.77,274.19003182258706,0.8734334
1.78,275.8220473140192,0.8472813
1.79,276.64314405264577,0.8087724
1.8,275.6113732446955,0.88107544
1.81,273.27608987153394,0.87917376
1.82,270.1647642845463,0.86312944
1.83,266.6598373353921,0.8339748
1.84,263.5215074677945,0.8144471
1.85,260.919135708508,0.8554004
1.86,258.8366955900148,0.90747035
1.87,258.79599851930095,0.8922982
1.88,260.00994669122053,0.8770083
1.89,263.19398259746134,0.8069655
1.9,271.39846442444446,0.67383885
1.91,278.7851827264659,0.81908864
1.92,282.7681710992898,0.8807856
1.93,285.7410712106368,0.91560745
1.94,285.8147459045911,0.90311015
1.95,283.9748337247806,0.8685106
1.96,280.1765714899311,0.83661234
1.97,276.2574836571272,0.83076435
1.98,271.7907283731248,0.84958565
1.99,264.236334135201,0.6938538
2.0,257.57863485575336,0.8660047
2.01,257.36176465065677,0.893444
2.02,259.94095773326046,0.8443024
2.03,266.68428584136683,0.6734222
2.04,275.9813851840925,0.7323382
2.05,279.72333795990977,0.83684903
2.06,279.3563572050778,0.8824161
2.07,278.249043266406,0.9123108
2.08,276.0375014268184,0.8858183
2.09,274.42531564409404,0.8687975
2.1,270.87871772106814,0.6782156
2.11,268.65202951526624,0.4480397
2.12,274.50349505066913,0.5642246
2.13,285.58905243295936,0.5766795
2.14,319.9964630463192,0.4112757
2.15,331.35769575538376,0.66009814
2.16,338.32778346772733,0.5194331
2.17,341.6318554362504,0.46004415
2.18,351.2591740680514,0.44602498
2.19,366.7953900040245,0.7815124
2.2,371.6847453996365,0.88321674
2.21,373.3509467722491,0.8720171
2.22,371.2056688922416,0.8288883
2.23,362.47036830695754,0.5602103
2.24,350.4716399185785,0.557195
2.25,339.5323782505933,0.4955356
2.26,330.6236313541084,0.5457567
2.27,299.44894244257944,0.66325283
2.28,278.6688438386707,0.9120273
2.29,279.9135004455745,0.8930571
2.3,282.8078415649931,0.86086863
2.31,288.60630392029884,0.87582004
2.32,293.1540686460525,0.83906
2.33,296.1630237158709,0.8512823
2.34,297.0272453167004,0.8717543
2.35,296.1740575913763,0.80529445
2.36,292.7664040426971,0.69455844
2.37,285.8200385472551,0.5220336
2.38,273.2919831084179,0.2613395
2.39,235.16927454162908,0.35572085
2.4,215.52494574081283,0.5740337
2.41,212.53496596741985,0.8548796
2.42,212.82057835607034,0.88065726
2.43,240.68841452951472,0.7474414
2.44,272.99636963286633,0.33089885
2.45,293.64126211219235,0.5745546
2.46,295.0859590013124,0.7686407
2.47,297.29872375852256,0.8930401
2.48,299.1012235676594,0.9368559
2.49,300.8682624918863,0.9497885
2.5,302.7295779096009,0.95903486
2.51,303.99709914368253,0.9632364
2.52,304.2190528784986,0.96662784
2.53,303.0833114278595,0.94368994
2.54,300.8972381457081,0.93884844
2.55,298.16368120883146,0.9417589
2.56,294.5651348340015,0.9187601
2.57,289.1317920585151,0.8321926
2.58,284.95774574365186,0.8738159
2.59,279.75996053961524,0.8242455
2.6,276.6476959223825,0.8649749
2.61,276.1856417639029,0.8450091
2.62,277.1785939697668,0.83746874
2.63,280.01388682373226,0.77335227
2.64,287.30729696875574,0.7636821
2.65,293.3007365068033,0.8694952
2.66,297.05287551066283,0.9190191
2.67,299.2576296950079,0.94446564
2.68,298.7231920211789,0.92933357
2.69,297.8091515749867,0.83070254
2.7,279.72355894860647,0.43201455
2.71,253.5359654125262,0.35755306
2.72,241.85791449245812,0.38288516
2.73,240.0228408660331,0.33740324
2.74,231.48455816404433,0.0836522
2.75,214.46250157159506,0.09936893
2.76,215.99523221710743,0.070826024
2.77,219.676180812385,0.13341147
2.78,228.31801506272274,0.06794553
2.79,237.46839841769457,0.09007806
2.8,240.565021259621,0.063959725
2.81,242.9045654824985,0.09754983
2.82,243.6793055474182,0.10412108
2.83,246.47235554915656,0.10364401
2.84,252.3609716892544,0.009948223
2.85,257.9362779026329,0.016432602
2.86,256.6100510003879,0.61431473
2.87,265.0193179660814,0.640224
2.88,271.4182322066338,0.75896
2.89,271.9742025520535,0.8804756
2.9,273.54823486458037,0.8758955
2.91,274.47954443794396,0.91829485
2.92,273.9968603117636,0.88848704
2.93,271.0631392585018,0.86937326
2.94,265.99310862456394,0.90446275
2.95,263.0466556577928,0.9351144
2.96,264.84001585422993,0.9316271
2.97,268.22769480470595,0.9432188
2.98,271.39692217676804,0.960543
2.99,273.9941323432632,0.9464747
3.0,275.1721460898592,0.9443352
3.01,275.0560130762961,0.9217826
3.02,271.6345606266118,0.78087723
3.03,263.3518648009092,0.7738386
3.04,261.0389616617106,0.8321861
3.05,259.81821291578876,0.76172674
3.06,260.03258804759133,0.5403981
3.07,238.73535462333493,0.56431085
3.08,230.25209472025037,0.49250552
3.09,224.26261528298372,0.39705476
3.1,214.44964198139158,0.22244184
3.11,218.5563631981772,0.14824502
3.12,231.99218302716415,0.09418651
3.13,251.10774787721252,0.14049682
3.14,262.0817748357502,0.083704576
3.15,283.31175657009976,0.32822433
3.16,282.5276713772178,0.47967026
3.17,275.95992233512936,0.62882084
3.18,274.4178621638559,0.82141864
3.19,270.7328144544075,0.8320636
3.2,261.4816101221624,0.69593036
3.21,257.62765742636526,0.9475544
3.22,257.32922570341935,0.96420175
3.23,259.4065873297331,0.9227527
3.24,265.09797507490543,0.9045682
3.25,270.5389901387136,0.935249
3.26,274.09258057957163,0.95155054
3.27,276.4326792990554,0.9186942
3.28,277.7210195969132,0.95338094
3.29,277.62237408469656,0.9551173
3.3,276.24666734280476,0.9224794
3.31,273.38133784931176,0.9222242
3.32,269.3386919835686,0.93770295
3.33,260.4589401300949,0.84019274
3.34,254.39896164299586,0.92901355
3.35,249.35404263391558,0.89628667
3.36,246.46982442359393,0.9052517
3.37,246.77768134220688,0.8998738
3.38,250.2193851558938,0.820344
3.39,257.11603033400445,0.61070746
3.4,266.5563691350253,0.6993776
3.41,271.9715608758755,0.8597698
3.42,275.0459427913511,0.90172493
3.43,275.32708337652207,0.9070652
3.44,274.4662296860904,0.93085825
3.45,274.1433124412682,0.92921156
3.46,273.6181276496485,0.90568537
3.47,272.10406321221166,0.8210661
3.48,268.01856774164446,0.5377921
3.49,246.43027806796795,0.41779786
3.5,236.2388293932435,0.3292281
3.51,231.65021300544674,0.2853994
3.52,223.34499957344931,0.23657893
3.53,213.4716015962911,0.27079138
3.54,217.6453200365728,0.10246418
3.55,225.082668782333,0.010379896
3.56,237.20295791461712,0.09607869
3.57,245.7847036557143,0.05319439
3.58,250.75237673962167,0.12415734
3.59,260.6805368467557,0.104532965
3.6,272.5500215728531,0.087053955
3.61,279.7816114095046,0.24307524
3.62,286.8538353906234,0.34458733
3.63,288.10288350594993,0.2535873
3.64,298.81745551093115,0.09640629
3.65,308.24502051948525,0.6117443
3.66,312.51884855014066,0.8470304
3.67,317.8825723599933,0.70472026
3.68,328.9559282732664,0.7524518
3.69,332.9792254509846,0.7946271
3.7,341.38128732870825,0.7417232
3.71,345.88579546342373,0.68059516
3.72,348.9126898061252,0.14227808
3.73,322.07719835765533,0.120928876
3.74,315.6092889501667,0.18215443
3.75,307.3420673150469,0.16523932
3.76,283.94521169126136,0.069897935
3.77,268.2515943143366,0.45478493
3.78,262.273673892336,0.3261514
3.79,259.6348369465154,0.07518817
3.8,258.5932748615823,0.0443178
3.81,260.9067209161167,0.15733416
3.82,259.20176009231966,0.10542717
3.83,256.4892902025027,0.5794955
3.84,246.93647089801647,0.10074083
3.85,240.82763321633084,0.35947067
3.86,235.45190418714316,0.3734351
3.87,233.60627056712931,0.2830068
3.88,231.26263681354436,0.09527689
3.89,226.63546693578095,0.026606392
3.9,220.02171743838863,0.022090204
3.91,212.81283651354903,0.24938639
3.92,207.98226627480162,0.122830704
3.93,206.3306919288059,0.13736127
3.94,201.07933235790807,0.31792566
3.95,190.89702014858858,0.43350026
3.96,187.18962002929487,0.5863322
3.97,187.74027723342311,0.7909778
3.98,189.35173608931777,0.82240343
3.99,191.70220484536586,0.7382994
4.0,196.91341254854902,0.7577984
4.01,201.22391167677083,0.85918313
4.02,204.92902047423857,0.86414945
4.03,207.66763017040284,0.915932
4.04,209.57678096652344,0.90778434
4.05,210.70055770958282,0.92767316
4.06,209.6075764753473,0.85241157
4.07,207.6320897489889,0.78920573
4.08,204.38352947883834,0.6571741
4.09,203.793786528214,0.2851463
4.1,207.45422295990818,0.09911757
4.11,208.91552629141782,0.06222705
4.12,206.8343548661306,0.32698235
4.13,205.68097112840078,0.40685555
4.14,205.9613288565384,0.20801517
4.15,206.181555439362,0.17382109
4.16,206.343890561638,0.1943404
4.17,205.86865262218578,0.05183262
4.18,206.05199104033215,0.07246531
4.19,207.00056560939282,0.18839462
4.2,207.65536459232345,0.054952074
4.21,207.49479294316103,0.16844611
4.22,207.8260487673555,0.060612213
4.23,193.8981687290666,0.0036224134
4.24,178.48904812957116,0.016099075
4.25,161.85159387129988,0.14395283
4.26,146.04329048975012,0.014991789
4.27,135.0607041129511,0.08209438
4.28,149.78765337213127,0.07756389
4.29,153.93714699287096,0.032574076
4.3,156.4365523059017,0.07509093
4.31,167.14065886305764,0.039677057
4.32,176.76311012088593,0.07654195
4.33,186.5394481858686,0.07580952
4.34,196.84385611146365,0.052096885
4.35,209.89652758044383,0.11129142
4.36,223.9547612410577,0.10121867
4.37,235.82780176783393,0.12432017
4.38,232.86956220165985,0.32297584
4.39,240.9905091256067,0.3823716
4.4,245.48016196282344,0.70370305
4.41,248.45387893410205,0.8265692
4.42,252.2277909803376,0.7748284
4.43,256.43657458542367,0.9092316
4.44,260.35559378447584,0.8860027
4.45,264.4132502459759,0.8946801
4.46,268.1864411621341,0.9023277
4.47,272.76190601572193,0.8920748
4.48,276.2060064792763,0.86297935
4.49,278.78811998149695,0.7875027
4.5,282.93174747575,0.6087961
4.51,285.1612653809129,0.7265407
4.52,285.42877114582035,0.6741055
4.53,282.75061940744877,0.58282965
4.54,307.69955136775985,0.3532217
4.55,358.4858086789239,0.24921219
4.56,399.5350217232302,0.064867206
4.57,401.38642997087885,0.01675737
4.58,406.2909547013231,0.04703977
4.59,407.7767184321504,0.06265268
4.6,402.5688752890552,0.027607188
4.61,399.9482596055507,0.1341355
4.62,397.37822466289714,0.047965407
4.63,396.0204873864344,0.03850879
4.64,395.9225079917386,0.056652755
4.65,399.2954372668353,0.08712088
4.66,401.9312041995099,0.32109684
4.67,407.46384334404837,0.524383
4.68,401.4956386109415,0.15258352
4.69,403.7186630115776,0.5068817
4.7,404.7360072824905,0.7772008
4.71,410.0948575776433,0.7474783
4.72,417.67548389363367,0.8315877
4.73,423.7957124450034,0.8506098
4.74,430.7124708732407,0.91967666
4.75,435.7885598103173,0.9217209
4.76,438.64857009100973,0.87216383
4.77,439.5468425177557,0.87017727
4.78,439.77370213616325,0.87456036
4.79,439.4208307225091,0.8927196
4.8,440.35582688699634,0.93405545
4.81,442.45317637856226,0.9507141
4.82,446.9638834890868,0.9110899
4.83,452.94487942722407,0.91816473
4.84,457.46043732051595,0.93217236
4.85,458.2850324155863,0.92975485
4.86,456.99890481971136,0.9192025
4.87,455.867061967881,0.9057509
4.88,453.75015228202267,0.89124215
4.89,452.06625103428655,0.91757095
4.9,449.56989610529894,0.8835331
4.91,445.96820603506956,0.8836595
4.92,441.5418012676439,0.9173125
4.93,439.09247717381015,0.90073866
4.94,438.7483456298031,0.8728345
4.95,441.37716019927274,0.88970643
4.96,451.37746413517414,0.8182275
4.97,460.4684249949905,0.79584265
4.98,464.1054022884873,0.8916251
4.99,465.8976879854596,0.9246911
5.0,464.99533697648616,0.8907166
5.01,459.4064427115225,0.84643275
5.02,452.37299801306193,0.8904421
5.03,447.64985805550367,0.90563536
5.04,446.17924982975694,0.9232247
5.05,445.3454489304864,0.91516316
5.06,444.1698833681136,0.88722783
5.07,443.32114318278786,0.8800804
5.08,443.8256171423901,0.7522491
5.09,445.3963840916824,0.7481795
5.1,446.8997687994335,0.78133583
5.11,447.92893669284626,0.7537021
5.12,445.57890432310364,0.8683887
5.13,438.5263424220364,0.8694236
5.14,435.6730751566758,0.9106048
5.15,435.4205595358058,0.91389585
5.16,436.38948321216435,0.9186276
5.17,436.1683146993593,0.8424625
5.18,435.01104254838145,0.79442173
5.19,440.7960291118253,0.78728956
5.2,442.75622503525494,0.8217479
5.21,440.2488652717046,0.82134616
5.22,435.7842012541902,0.90884507
5.23,434.8159585399585,0.905965
5.24,434.25311269000565,0.83534104
5.25,434.03386116084823,0.64354825
5.26,433.97567061027553,0.34402496
5.27,439.8825630740603,0.49577758
5.28,437.72019576905444,0.20234223
5.29,435.62475267125643,0.09651479
5.3,435.6693007682316,0.27902833
5.31,435.7586599162677,0.34435996
5.32,423.1257506817368,0.33539164
5.33,400.23878752025774,0.11910471
5.34,428.87354392243094,0.11750973
5.35,433.13816114067697,0.35731637
5.36,430.73704348070095,0.15065907
5.37,396.53804083535084,0.38626608
5.38,377.0076318936549,0.46865448
5.39,364.02912692144434,0.08954716
5.4,346.1861834821992,0.0068009063
5.41,332.51307995300493,0.27110934
5.42,339.0018238786498,0.6245782
5.43,338.19308091509384,0.8320025
5.44,339.74911921767244,0.88956213
5.45,341.06555932409316,0.9263171
5.46,342.19335233240554,0.9256159
5.47,344.7676734560075,0.91179925
5.48,348.0418711337088,0.9180134
5.49,351.36542117043973,0.9365436
5.5,355.43127610560106,0.9203122
5.51,359.55307323525454,0.9328193
5.52,363.8802725107053,0.9423129
5.53,365.96833680350403,0.94004554
5.54,366.02291392428276,0.9403074
5.55,364.27972953631195,0.91995746
5.56,362.2383859664835,0.92940944
5.57,359.05349101652143,0.9376561
5.58,354.7856709815791,0.95159125
5.59,350.8267258718519,0.9461635
5.6,346.9977379259956,0.9109779
5.61,343.06621936664817,0.89898556
5.62,340.5890384890484,0.8520896
5.63,340.0949246340662,0.83673626
5.64,342.43841840210143,0.8360305
5.65,344.2928526528534,0.84732604
5.66,343.83783995006263,0.86444384
5.67,343.3974619268689,0.8143104
5.68,342.2054020983825,0.69104844
5.69,335.8968831267931,0.5860064
5.7,328.70155529703027,0.7214781
5.71,323.9546171199549,0.6581257
5.72,314.31836756774607,0.8421154
5.73,310.0949543441029,0.8604027
5.74,307.79925478808957,0.8993515
5.75,310.1015144907002,0.7714496
5.76,313.6245912401122,0.5140524
5.77,317.11985164097035,0.3500407
5.78,328.62165853117654,0.39119917
5.79,342.29255252233577,0.09138153
5.8,367.6735522927728,0.21567301
5.81,395.28760805844735,0.088839434
5.82,400.7368092834838,0.28609255
5.83,402.2757659662217,0.8936306
5.84,406.03222301355623,0.94186354
5.85,408.6613920599575,0.9357651
5.86,410.5803228497193,0.93831336
5.87,412.0728488116073,0.9589011
5.88,412.45240921771887,0.95745957
5.89,412.80070687911484,0.95200586
5.9,411.2355587368373,0.95127517
5.91,408.39916190836686,0.9329214
5.92,405.2507901626302,0.93103206
5.93,401.5396116872111,0.93681324
5.94,398.3110314272404,0.94461155
5.95,395.45567788751123,0.91708714
5.96,393.1399157830969,0.9470273
5.97,392.42530221080403,0.94851804
5.98,393.19947400264283,0.962748
5.99,396.05883258155245,0.93025964
6.0,399.4473983495503,0.9358769
6.01,403.6083102186595,0.92278
6.02,409.0022788354481,0.9152781
6.03,414.1050881615856,0.904314
6.04,419.54985534164115,0.8913588
6.05,422.3817030072548,0.93462336
6.06,423.66688985779285,0.9171409
6.07,423.5261073009564,0.9237907
6.08,420.7629395349758,0.9344278
6.09,415.54505497978994,0.9150848
6.1,407.6978450465327,0.89194065
6.11,399.20239180151214,0.83648115
6.12,389.9797561613824,0.8216622
6.13,380.1990234752898,0.8916961
6.14,376.36297979940593,0.92285544
6.15,374.7116451490948,0.9250593
6.16,375.6121595487716,0.9302742
6.17,378.85119078887624,0.9366353
6.18,383.0223090440979,0.90645534
6.19,388.7531724724886,0.92325765
6.2,393.9942275351347,0.93736744
6.21,399.60324665405204,0.8927818
6.22,407.76260117853036,0.87817234
6.23,416.42916446585366,0.8821264
6.24,424.9533508746579,0.88822365
6.25,430.05471001511626,0.9329101
6.26,431.884534304555,0.95297205
6.27,429.76117051663556,0.91729534
6.28,423.0101134076357,0.8600495
6.29,412.92733128821305,0.85757154
6.3,401.574813676817,0.83372325
6.31,392.68357486925737,0.84275484
6.32,382.21626659590635,0.8185078
6.33,375.63797576163677,0.887672
6.34,371.50437101737276,0.9403598
6.35,371.3902066470358,0.93417734
6.36,375.0086137227743,0.8934098
6.37,382.81077979677667,0.81924415
6.38,393.42118240422445,0.8328918
6.39,405.66033882463904,0.6164371
6.4,420.1941922630681,0.72141135
6.41,430.9015465809812,0.7645425
6.42,442.68086722665663,0.8619743
6.43,455.6155198815771,0.7190606
6.44,462.6042709945838,0.8904389
6.45,462.04795160942837,0.8254757
6.46,456.65194872212294,0.6564302
6.47,441.9246728200374,0.5859736
6.48,426.46063710430946,0.5348522
6.49,416.7815827829612,0.40004402
6.5,390.28403955912034,0.59542733
6.51,365.33131948963387,0.4345877
6.52,351.16785399600707,0.4783877
6.53,334.6183307643555,0.33058026
6.54,327.33876244278684,0.42188305
6.55,316.7556068204953,0.6742101
6.56,312.361264239319,0.7967367
6.57,337.17820979483696,0.80984855
6.58,381.9714957545154,0.33051133
6.59,394.11213430472276,0.6503489
6.6,393.11806770599907,0.7785024
6.61,396.2232696354963,0.79800993
6.62,400.8357008018853,0.7840533
6.63,407.2766525182814,0.6697607
6.64,418.52762328478445,0.4667229
6.65,437.47290840522385,0.7661117
6.66,443.73186185555204,0.8731094
6.67,445.11619064872116,0.88921225
6.68,444.99277451257194,0.9117986
6.69,444.9639695873376,0.90723956
6.7,444.4399492198895,0.8947455
6.71,442.57045978755,0.924212
6.72,438.2332512184945,0.8563569
6.73,433.6586679835747,0.792858
6.74,428.8628332427903,0.61726
6.75,433.6747243828069,0.50385183
6.76,438.86134161951503,0.8042286
6.77,439.1353393214623,0.8740383
6.78,436.35253794792584,0.79472554
6.79,431.442840917037,0.77252126
6.8,429.19316599939464,0.72260433
6.81,423.92548451064,0.55557686
6.82,413.4192105304882,0.41427967
6.83,423.0582288094064,0.29299176
6.84,431.26238161511685,0.37513962
6.85,413.1670401779785,0.2798208
6.86,394.1759692049056,0.33279943
6.87,370.5979656916869,0.32847998
6.88,365.2721954438555,0.31037575
6.89,357.2231267376311,0.5560326
6.9,351.47784780432085,0.792221
6.91,349.1596549620957,0.8152549
6.92,344.12132765925804,0.8681756
6.93,343.2607402492758,0.947987
6.94,345.32252309207183,0.950537
6.95,347.81498549280695,0.9449855
6.96,350.12684234005155,0.97743803
6.97,351.7936484776907,0.96783966
6.98,352.9374028765065,0.9695803
6.99,354.16755507813093,0.97947925
7.0,354.94634301542476,0.97695845
7.01,354.9634725333274,0.9780141
7.02,354.39395908302805,0.9800393
7.03,353.869833159491,0.9795806
7.04,352.8698054125098,0.96480435
7.05,351.002839316096,0.97065204
7.06,348.14065420869497,0.9212753
7.07,343.72725747211643,0.8989233
7.08,338.33199915700794,0.9035047
7.09,333.609972604049,0.91228366
7.1,329.8852293455139,0.9480948
7.11,329.14594939891066,0.9339478
7.12,329.2076934121054,0.9486671
7.13,329.64781314036384,0.95811313
7.14,330.3415689552935,0.9633403
7.15,331.71951784871624,0.9424478
7.16,333.13968692127986,0.9434989
7.17,333.7361415074542,0.95869917
7.18,332.84370162523214,0.9322745
7.19,331.0487313126993,0.96090186
7.2,329.731820346425,0.94292325
7.21,327.7631047552771,0.90826887
7.22,322.5843034183479,0.74603033
7.23,315.4153488152682,0.63076204
7.24,302.64572186405456,0.55623204
7.25,292.28697597714734,0.49958205
7.26,276.65897923738487,0.39431623
7.27,271.0384238487003,0.29751083
7.28,308.3192504659564,0.03054368
7.29,317.71663677244453,0.025279481
7.3,320.52031422371675,0.043964487
7.31,324.21239511481974,0.07482127
7.32,326.9247878311976,0.025577372
7.33,299.68009836942394,0.5248095
7.34,272.34547156122454,0.304704
7.35,296.6370334589578,0.39142704
7.36,297.5877826726522,0.5370612
7.37,299.23040195281806,0.6663496
7.38,301.49820556955785,0.84432113
7.39,303.0259388633796,0.93565464
7.4,303.8329674134734,0.94108313
7.41,304.50078810057,0.94749147
7.42,305.36876946431204,0.94812316
7.43,306.25694119090656,0.91730595
7.44,305.9678557977396,0.91668284
7.45,304.29859065219705,0.90678054
7.46,302.71866467653496,0.89610785
7.47,302.7532630727194,0.9200439
7.48,303.7526150560548,0.9287523
7.49,306.36817214607754,0.90505546
7.5,309.71835608091465,0.89295703
7.51,312.5665955562679,0.92679155
7.52,313.0636744383022,0.885376
7.53,311.74085180992347,0.82032156
7.54,304.48084321883414,0.62490505
7.55,296.39686587425496,0.636625
7.56,288.62961583301046,0.43197024
7.57,274.76117096346337,0.55130136
7.58,272.42695985318136,0.37712622
7.59,272.42230576568693,0.015589567
7.6,273.9036757395977,0.027136767
7.61,272.32392566093716,0.21837033
7.62,276.80924933890117,0.33880645
7.63,277.80853636990014,0.24373749
7.64,279.7437428363295,0.22002463
7.65,279.7509403329495,0.30371204
7.66,276.4265207877468,0.1685712
7.67,269.4410720859358,0.17138016
7.68,272.81552288837565,0.31349623
7.69,283.58678793583425,0.5551618
7.7,290.19489916874755,0.74306995
7.71,293.30875930253524,0.87537104
7.72,295.03750401166513,0.9594213
7.73,297.6252333924746,0.9214524
7.74,303.6701919730861,0.9138644
7.75,310.9509213836794,0.93796253
7.76,315.80140197758,0.9455606
7.77,319.99145233933865,0.9340368
7.78,323.8841033435372,0.922326
7.79,327.6382083597443,0.9362107
7.8,331.89738723847813,0.93264043
7.81,337.1652174682562,0.89671737
7.82,341.8319418286597,0.92094284
7.83,345.2348224350699,0.93884844
7.84,348.9658094722772,0.8686071
7.85,356.7706765413183,0.80826384
7.86,365.1359188969989,0.7925009
7.87,369.63273000415734,0.7932171
7.88,368.74332555073966,0.6436644
7.89,367.79322057091076,0.49157923
7.9,360.65412526993066,0.4272884
7.91,396.2590784356746,0.21391001
7.92,417.9944387531227,0.33539182
7.93,445.0952322060126,0.45463705
7.94,491.96685290598884,0.13058367
7.95,541.7379451503989,0.11549107
7.96,559.9339171200254,0.24170795
7.97,579.3350439412282,0.4006226
7.98,587.8751360841728,0.6500484
7.99,592.1241971397593,0.59910846
8.0,591.2580927749208,0.561722
8.01,589.2365686826064,0.7058266
8.02,585.4556629682498,0.7832908
8.03,579.7079399794388,0.7282151
8.04,576.2656422383866,0.46943405
8.05,551.8827941183201,0.18234155
8.06,525.0045518398948,0.7386791
8.07,497.48796652070945,0.19275162
8.08,464.52289565419534,0.12842119
8.09,444.9826337326269,0.11310298
8.1,436.9883636852191,0.71188796
8.11,437.5861816483998,0.8007736
8.12,436.3828517033967,0.83649385
8.13,435.96627064507516,0.88991266
8.14,436.54652780917013,0.9306316
8.15,438.980655599375,0.9018679
8.16,443.9761508066311,0.8974403
8.17,451.2097811567561,0.8864671
8.18,457.651425092585,0.91785085
8.19,461.1156968626721,0.93112254
8.2,462.8424219352313,0.939805
8.21,462.56553625846834,0.9163662
8.22,458.91722065145336,0.80678713
8.23,450.60276482717666,0.6161435
8.24,436.1126477120281,0.6926547
8.25,428.7959721644065,0.6519226
8.26,420.3445712567334,0.7627493
8.27,416.6364383805023,0.8513836
8.28,418.2898041034437,0.78232956
8.29,423.681941956348,0.71509594
8.3,430.8284718396736,0.58785844
8.31,444.3803554200536,0.7012627
8.32,460.84631474976277,0.82829934
8.33,465.0752413673662,0.88317204
8.34,464.72123637507735,0.9017988
8.35,464.20158903957343,0.85926664
8.36,463.6267965699938,0.8008035
8.37,454.6001232813845,0.4884332
8.38,438.6047655280526,0.6870894
8.39,432.85974490598744,0.8393236
8.4,424.54949713660756,0.77155775
8.41,417.4070567869056,0.889546
8.42,419.7188015496614,0.8175241
8.43,427.5967683579556,0.8711015
8.44,433.9615619928747,0.84945995
8.45,441.3661782219017,0.8698694
8.46,449.34998294646533,0.7705096
8.47,460.31705410512893,0.78475094
8.48,466.43636666361857,0.90408075
8.49,467.203400133668,0.93274754
8.5,462.61842647845265,0.8844619
8.51,453.6256145404772,0.75023615
8.52,439.7556962970137,0.7630858
8.53,431.04762339789517,0.8770802
8.54,426.9020828645392,0.81267834
8.55,423.33512512075015,0.67440045
8.56,430.80636818547185,0.5447913
8.57,443.97764628130886,0.60761154
8.58,456.69614356120866,0.6414978
8.59,461.3187530873564,0.7572178
8.6,461.00192798619446,0.7073996
8.61,451.31888163305376,0.7737926
8.62,448.2244319079283,0.8144059
8.63,444.01816350512144,0.83966374
8.64,437.6719447389662,0.7097683
8.65,420.56533707311473,0.5935973
8.66,394.1206096364807,0.39059713
8.67,356.0694157562969,0.51166594
8.68,347.77827233342043,0.84709966
8.69,347.35527590499623,0.899477
8.7,353.9353076742851,0.64198005
8.71,376.8698205762197,0.66527754
8.72,386.4104896931562,0.78846097
8.73,396.62292019481765,0.85179806
8.74,406.7857138587301,0.89342654
8.75,414.71765913588024,0.8967267
8.76,418.43565821013107,0.9305046
8.77,418.61367632200734,0.92207736
8.78,414.1521027337248,0.8669792
8.79,405.6434570578717,0.8316596
8.8,394.0775606177291,0.9062701
8.81,389.6820821295247,0.94797647
8.82,391.3068153554547,0.9312346
8.83,396.1117842806025,0.93576056
8.84,397.4590125326966,0.9621205
8.85,396.39695738998955,0.9058008
8.86,397.8622205810716,0.715602
8.87,410.91156420789946,0.6994441
8.88,412.32595619715914,0.8175199
8.89,408.3640700597067,0.7534741
8.9,403.99573771103485,0.7161691
8.91,395.5692245705632,0.8276801
8.92,393.3038511740316,0.8212429
8.93,391.8089489738602,0.6690943
8.94,390.920915054466,0.57876277
8.95,393.14299526582545,0.18437342
8.96,396.1288642093405,0.15751508
8.97,399.64755386243496,0.17997503
8.98,402.6367004089082,0.20520948
8.99,404.1381969322919,0.1439786
9.0,408.59611129810867,0.06656335
9.01,408.8572382762695,0.20851764
9.02,406.76196468466566,0.3589034
9.03,404.9667621534366,0.16454639
9.04,402.497328781643,0.14718534
9.05,378.39640153848967,0.3247663
9.06,367.73014947163205,0.3084563
9.07,383.2346726968307,0.51758164
9.08,382.875158562454,0.67510974
9.09,385.5850420209107,0.87858397
9.1,387.7351100656192,0.9226334
9.11,390.13604162536626,0.93813133
9.12,392.3443765655398,0.9355965
9.13,394.6226046422271,0.9135203
9.14,396.2522772261041,0.8956217
9.15,397.90086458555277,0.8876107
9.16,398.16504968842116,0.87025934
9.17,397.74197648842204,0.8598441
9.18,396.3536695533644,0.8610014
9.19,393.9266624044288,0.9132259
9.2,394.8773254657801,0.91706395
9.21,397.2091854601376,0.919582
9.22,397.14229433853967,0.91212785
9.23,395.2521478378169,0.91696346
9.24,393.8046494805186,0.9193438
9.25,393.0897400927964,0.8278289
9.26,393.5846906903416,0.65596825
9.27,405.5870949214544,0.5387713
9.28,410.4741248595738,0.87144154
9.29,410.80047599143927,0.9229082
9.3,410.43836541762175,0.9123963
9.31,409.99134862840106,0.91236305
9.32,408.55503363335805,0.9104099
9.33,403.7944001823271,0.8603608
9.34,396.9906057704176,0.86709255
9.35,391.3283529052223,0.8379804
9.36,386.07502966695927,0.8954922
9.37,384.07182382292183,0.9272542
9.38,383.18183197527964,0.86746913
9.39,381.28543633026885,0.8521346
9.4,380.6363737208125,0.78556955
9.41,386.49771155892773,0.41558722
9.42,401.1352989838239,0.43651408
9.43,406.24262566747035,0.6661692
9.44,408.6701581586402,0.66616267
9.45,393.76137933131184,0.4710642
9.46,382.6102184720962,0.6710557
9.47,383.91438171147024,0.4657533
9.48,386.03093522368613,0.45897585
9.49,386.330975601039,0.3014144
9.5,347.2136745796565,0.30208278
9.51,336.2532523798785,0.6728909
9.52,330.6963455649694,0.7009583
9.53,329.4288261507903,0.7912689
9.54,328.48334151837673,0.8502928
9.55,323.00068911198224,0.7887394
9.56,317.06092011340894,0.8693996
9.57,319.63372106394354,0.90124255
9.58,328.00865574371755,0.873271
9.59,335.5621039653857,0.78510755
9.6,345.9612489644513,0.9034168
9.61,350.98042640692535,0.9455128
9.62,353.6602110866743,0.97286296
9.63,353.8017175047248,0.9712847
9.64,351.67127669415413,0.9619316
9.65,348.7087664294154,0.95405483
9.66,346.0957537550383,0.9537962
9.67,341.9805780328101,0.9121678
9.68,336.9351874998433,0.8679623
9.69,333.58324877234315,0.92656374
9.7,331.0263592777628,0.96020126
9.71,327.89151152186554,0.9373359
9.72,323.0531146055514,0.86776745
9.73,316.0157751298232,0.85461944
9.74,307.65244976072785,0.839042
9.75,303.1200637713619,0.85697126
9.76,303.8781151016007,0.7957863
9.77,306.93665486659796,0.2872726
9.78,345.4262774820575,0.26560265
9.79,347.3504300755537,0.15012619
9.8,349.229805994267,0.12908262
9.81,326.8372282790829,0.13603567
9.82,324.9917901137278,0.05977869
9.83,352.21882833156076,0.103048086
9.84,394.6639102504701,0.030799843
9.85,430.01213817268336,0.0063277795
9.86,471.4194127979115,0.0038656376
9.87,520.3474274632467,0.030461041
9.88,573.5582546095008,0.06334403
9.89,618.3322662589786,0.029057113
9.9,661.2976469466128,0.0725404
9.91,659.1824500799338,0.058122627
9.92,658.3077516795381,0.117228724
9.93,652.7564471376807,0.1459555
9.94,658.5778784113145,0.07948696
9.95,591.1543088192559,0.11129927
9.96,590.1163057998692,0.10256828
9.97,595.6129830747749,0.09982855
9.98,593.2213051138465,0.09341212
9.99,591.4189611774275,0.04506542
10.0,601.5983602713773,0.03489992
